%YAML:1.0
---
K: !!opencv-matrix
   rows: 3
   cols: 3
   dt: d
   data: [ 608.11376953125, 0., 640.4954833984375, 
           0., 608.0458374023438, 367.2292175292969, 
           0., 0., 1. ]
dist: !!opencv-matrix
   rows: 8
   cols: 1
   dt: d
   data: [ 0.4321153163909912, -2.595999240875244, 0.0007401921320706606, -0.0004303685564082116, 1.516448736190796, 0.311827152967453, -2.4172017574310303, 1.4415457248687744 ]
img_size: !!opencv-matrix
   rows: 2
   cols: 1
   dt: i
   data: [ 1280, 720 ]
