%YAML:1.0
---
K: !!opencv-matrix
   rows: 3
   cols: 3
   dt: d
   data: [ 599.629456, 0., 638.380737, 
           0., 599.201904, 365.598572, 
           0., 0., 1. ]
dist: !!opencv-matrix
   rows: 8
   cols: 1
   dt: d
   data: [ 0.863863, -3.039024, 0.000478, -0.000004, 1.678357, 0.736574, -2.868086, 1.609729 ]
img_size: !!opencv-matrix
   rows: 2
   cols: 1
   dt: i
   data: [ 1280, 720 ]