%YAML:1.0
---
K: !!opencv-matrix
   rows: 3
   cols: 3
   dt: d
   data: [ 599.6294555664063, 0., 638.3807373046875, 
           0., 599.201904296875, 365.59857177734375, 
           0., 0., 1. ]
dist: !!opencv-matrix
   rows: 8
   cols: 1
   dt: d
   data: [ 0.8638631701469421, -3.0390236377716064, 0.0004777683352585882, -0.000004277556854503928, 1.6783568859100342, 0.7365744709968567, -2.868086338043213, 1.6097285747528076 ]
img_size: !!opencv-matrix
   rows: 2
   cols: 1
   dt: i
   data: [ 1280, 720 ]