%YAML:1.0
---
K: !!opencv-matrix
   rows: 3
   cols: 3
   dt: d
   data: [ 611.0506591796875, 0., 638.4144897460938, 
           0., 610.7638549804688, 367.95513916015625, 
           0., 0., 1. ]
dist: !!opencv-matrix
   rows: 8
   cols: 1
   dt: d
   data: [ 0.6944806575775146, -2.7082302570343018, 0.0011957712704315782, -0.00009335744834970684, 1.4279989004135132, 0.5692160725593567, -2.537520408630371, 1.3635576963424685 ]
img_size: !!opencv-matrix
   rows: 2
   cols: 1
   dt: i
   data: [ 1280, 720 ]